{ 
  width: 640, height: 480,
  D: [0.0, 0.0, 0.0, 0.0, 0.0],
  K: [570.3422241210938, 0.0, 314.5, 0.0, 570.3422241210938, 235.5, 0.0, 0.0, 1.0],
  R: [1.0, 0.0, 0.0, 0.0, 1.0, 0.0, 0.0, 0.0, 1.0],
  P: [570.3422241210938, 0.0, 314.5, 0.0, 0.0, 570.3422241210938, 235.5, 0.0, 0.0, 0.0, 1.0, 0.0]
}
