{
  width: 320, height: 240,
  D: [0.0, 0.0, 0.0, 0.0, 0.0],
  K: [285.1711120605469, 0.0, 157.0, 0.0, 285.1711120605469, 117.5, 0.0, 0.0, 1.0],
  R: [1.0, 0.0, 0.0, 0.0, 1.0, 0.0, 0.0, 0.0, 1.0],
  P: [285.1711120605469, 0.0, 157.0, 0.0, 0.0, 285.1711120605469, 117.5, 0.0, 0.0, 0.0, 1.0, 0.0]
}
